n,time
1,765.271769214
2,757.982052113
3,761.404997551
4,791.741723813
5,804.327421887
6,771.735235227
7,804.004129644
8,773.823290377
9,763.078158493
10,785.544683421
11,814.581342905
12,841.292470877
1,756.515621802
2,762.668422997
3,766.001354923
4,765.821253693
5,790.309562829
6,778.866094253
7,772.198233834
8,792.492826357
9,774.527685677
10,809.00087715
11,794.880166867
12,811.436212698
1,783.485626967
2,818.427120619
3,757.615000103
4,797.454954062
5,801.914135502
6,798.361149247
7,773.713594861
8,775.128568046
9,785.415600489
10,797.891688674
11,789.276115321
12,816.949815349
1,752.607591786
2,784.636239721
3,761.599733739
4,775.665246267
5,783.215793909
6,792.003720487
7,763.696858413
8,813.290133144
9,797.119049947
10,797.33979721
11,807.435915976
12,800.979390077
1,752.463516989
2,759.013833193
3,761.096401701
4,800.262511368
5,761.090437889
6,769.844202497
7,766.997083335
8,782.932180819
9,780.584996438
10,789.456971043
11,803.077842982
12,791.66779034
1,746.365906131
2,786.154700156
3,795.931021066
4,789.918762706
5,771.989437186
6,768.76533977
7,794.681693592
8,763.778245812
9,775.770718973
10,786.746289417
11,786.486095171
12,786.199993114
1,760.580731015
2,757.246501818
3,768.904645002
4,777.139979818
5,775.626070576
6,784.497507126
7,808.075782408
8,768.435205304
9,803.903930354
10,783.611342692
11,792.300310049
12,767.15572513
1,762.846217466
2,776.528954737
3,771.37636172
4,779.415431033
5,801.22245791
6,775.728914515
7,780.510926945
8,760.637489582
9,764.57289534
10,780.920299787
11,774.960849338
12,790.056977879
1,805.201890334
2,756.488968292
3,780.300447534
4,768.521836693
5,779.435114401
6,760.298528372
7,761.336103674
8,813.940020916
9,762.06976464
10,776.027342699
11,765.705345785
12,792.002421118
1,755.212156209
2,765.621422095
3,765.480264377
4,780.996441941
5,755.368433256
6,763.937325685
7,807.227332638
8,790.451732014
9,811.568716035
10,769.286896032
11,771.562474687
12,782.786816962
