n,time
1,0.461453891
2,0.467147766
3,0.471120057
4,0.47368836599999997
5,0.48409698599999995
6,0.48623547300000003
7,0.482454379
8,0.47511502
9,0.495520945
10,0.489597198
11,0.490169466
12,0.485580391
1,0.470217946
2,0.47454435
3,0.4663113
4,0.49924721
5,0.502667306
6,0.501664287
7,0.48774126100000004
8,0.470933399
9,0.485124183
10,0.49972624
11,0.48807386799999997
12,0.483531492
1,0.464507678
2,0.501651903
3,0.509145416
4,0.48783522999999995
5,0.494205098
6,0.495904377
7,0.48231140400000005
8,0.502881687
9,0.491804779
10,0.505612159
11,0.480588292
12,0.497830798
1,0.478059565
2,0.473099806
3,0.478148818
4,0.49776009499999996
5,0.46673543399999995
6,0.47347016
7,0.481078385
8,0.489002548
9,0.467325085
10,0.48444896800000004
11,0.48193663200000003
12,0.479095929
1,0.46484147200000003
2,0.47501558499999996
3,0.498879277
4,0.474051519
5,0.480532228
6,0.484303698
7,0.475037897
8,0.512472586
9,0.489437661
10,0.504338926
11,0.487956022
12,0.511386033
1,0.463130905
2,0.474058401
3,0.482283643
4,0.49471948
5,0.469845526
6,0.48102891000000003
7,0.49850066699999995
8,0.515027786
9,0.489398668
10,0.48438448
11,0.482018814
12,0.495458549
1,0.461387406
2,0.472989111
3,0.48362927
4,0.492223525
5,0.480249915
6,0.49992872
7,0.487540823
8,0.499748444
9,0.504472263
10,0.483308112
11,0.485128859
12,0.477381627
1,0.466512563
2,0.47375090900000005
3,0.474477787
4,0.473961164
5,0.481123586
6,0.480924984
7,0.475430051
8,0.491440122
9,0.494610011
10,0.489371891
11,0.495893691
12,0.489208259
1,0.463955322
2,0.48795630199999995
3,0.46679503200000005
4,0.469698733
5,0.48564577
6,0.47722612
7,0.498423677
8,0.498682789
9,0.47926553699999996
10,0.49386759999999996
11,0.50850423
12,0.502773958
1,0.494198018
2,0.470062513
3,0.468305993
4,0.47406360000000003
5,0.477234359
6,0.490748553
7,0.483518333
8,0.47002028
9,0.494314159
10,0.49088925000000005
11,0.480560439
12,0.480090206