bandwidth,bsize
0.0,0
46.82695045120983,10000
82.71712163702556,20000
105.95476155591145,30000
28.160497157214525,40000
157.3223088169875,50000
41.56797905300128,60000
199.842141732112,70000
201.17156918878314,80000
59.41141540042668,90000
245.40708352422092,100000
72.09087285447384,110000
271.3801111257889,120000
77.90058273333193,130000
74.59636075008652,140000
80.04457030911556,150000
214.99659126441026,160000
85.12733671917347,170000
89.58790202433906,180000
57.9991658029576,190000
96.74574723810797,200000
100.46482343566754,210000
105.00268268394933,220000
109.66856941216487,230000
112.4933812004973,240000
116.49942221141318,250000
76.44870321988886,260000
118.86158590280628,270000
122.35169687749288,280000
84.19187650815022,290000
129.90157329321426,300000
131.56154954418594,310000
91.84958858598648,320000
79.49376522110096,330000
141.2502348700828,340000
98.21400484123353,350000
147.4545888135055,360000
103.42405868922249,370000
163.8589664058566,380000
108.79901157748928,390000
162.21722576437008,400000
113.31761689278379,410000
167.28210309607283,420000
117.13763548143707,430000
119.27368125388828,440000
172.37448206012442,450000
122.50346516868944,460000
124.2851389407622,470000
127.26157630286504,480000
183.77146912094813,490000
131.31015558781266,500000
90.12804819087252,510000
125.23434117177908,520000
131.65845457602597,530000
133.46944490408973,540000
135.51662976411407,550000
136.91882342894235,560000
142.69789647801838,570000
140.54377182224545,580000
141.72642675882497,590000
112.62020577071831,600000
145.8748940087037,610000
147.62351250690867,620000
150.7742105557464,630000
149.59272629556855,640000
88.76351208578973,650000
145.49685590125577,660000
122.28730547091135,670000
156.72222878560507,680000
158.31952957804157,690000
126.72308984766018,700000
160.86520619276487,710000
127.3189640779859,720000
128.719377857291,730000
163.98286175836466,740000
130.59890546495322,750000
118.03520567054026,760000
133.0472385258895,770000
135.79775084829046,780000
171.17098304056478,790000
134.96394364440994,800000
140.9263570729294,810000
141.64544371180799,820000
142.6865684855479,830000
177.5377418488929,840000
145.05091976505804,850000
140.2774202560654,860000
113.39770851165132,870000
147.56929323305144,880000
149.27411800568467,890000
146.5338726426229,900000
148.1548551517785,910000
148.48089010044458,920000
126.4297756288732,930000
150.88990985479242,940000
153.5762030294982,950000
119.67795723335402,960000
155.01630605578168,970000
132.8949749532991,980000
158.41965862844538,990000
