bandwidth,bsize
0.0,1
160786.583476,1001
55105.3733825,2001
73456.2245943,3001
454571.06387,4001
208630.871138,5001
139421.602506,6001
200970.831572,7001
221357.50811,8001
278322.221306,9001
245674.085267,10001
357645.466721,11001
317351.882167,12001
323054.272233,13001
871132.757228,14001
308647.993124,15001
314327.262775,16001
573352.896848,17001
722824.110727,18001
834335.885003,19001
799837.560774,20001
894915.330284,21001
509611.609624,22001
857562.647969,23001
660014.442474,24001
996148.371658,25001
753468.346842,26001
750928.895335,27001
1275891.89074,28001
1056750.17694,29001
411921.370008,30001
554728.341931,31001
3506082.16488,32001
1469690.39798,33001
612536.561935,34001
651774.583212,35001
833138.857867,36001
1715388.25442,37001
4132689.5925,38001
2032200.67781,39001
1559186.03698,40001
582783.484804,41001
1730543.31986,42001
987407.250702,43001
680593.57295,44001
1225726.77739,45001
1052434.56063,46001
1539949.30407,47001
2001375.18961,48001
728638.666966,49001
2333797.74707,50001
6938611.29622,51001
1110653.8068,52001
1122126.07911,53001
2536914.58652,54001
1140059.35795,55001
2407311.01383,56001
1242049.22302,57001
1462584.89467,58001
1581119.93223,59001
2408758.93126,60001
2574474.70331,61001
2472317.01395,62001
1438465.02732,63001
1600850.28807,64001
2386888.58742,65001
1056239.06241,66001
2149909.50068,67001
1693693.73575,68001
7625038.01888,69001
1949155.83543,70001
2956682.13719,71001
3058644.5659,72001
1694955.81487,73001
1646676.48718,74001
2083662.03858,75001
1171920.02777,76001
1387436.0673,77001
1013751.41639,78001
1109012.10578,79001
1746488.49728,80001
2572053.71091,81001
2456722.85379,82001
1753115.18548,83001
3151576.19986,84001
1973820.14845,85001
3096102.01267,86001
1785222.84417,87001
2076048.66662,88001
1025839.63261,89001
1109711.64193,90001
1174370.03293,91001
2763578.31107,92001
3237814.36502,93001
1475724.54487,94001
1842204.69388,95001
3608074.82643,96001
2102576.08965,97001
2335545.21266,98001
2343667.30782,99001
