bandwidth,bsize
84457.0093834,1
8161067.73522,101
15556818.4234,201
23251049.8361,301
29963050.3269,401
38127269.0061,501
45889874.6427,601
53154845.1387,701
60762827.6573,801
67512289.2668,901
74209882.3529,1001
80490983.4763,1101
86946960.5081,1201
94411389.7367,1301
99720330.307,1401
108652474.052,1501
115488532.187,1601
123353350.807,1701
129844122.316,1801
136743417.037,1901
143126627.398,2001
150842737.145,2101
155995591.409,2201
164081223.822,2301
169563130.845,2401
175297109.072,2501
181490346.099,2601
185453780.739,2701
194897816.885,2801
199637006.415,2901
206834269.489,3001
211399029.744,3101
217625453.52,3201
224613447.283,3301
229748069.771,3401
233993439.63,3501
242582774.469,3601
247775245.076,3701
255383165.732,3801
257425737.948,3901
263531310.228,4001
267280564.121,4101
272603479.493,4201
277538139.11,4301
287279307.509,4401
292142837.53,4501
298735161.597,4601
301918984.244,4701
304035111.487,4801
313319776.613,4901
316729295.201,5001
321668616.722,5101
325304211.277,5201
328434133.034,5301
334590294.72,5401
342368030.389,5501
347303401.792,5601
353498914.951,5701
357837451.342,5801
364247062.605,5901
366925934.137,6001
374404856.16,6101
379663953.055,6201
384551611.553,6301
389696343.716,6401
394558810.905,6501
396718690.682,6601
403665691.528,6701
409519086.712,6801
415409338.73,6901
418521739.745,7001
422213046.185,7101
426544409.665,7201
433827949.962,7301
436185927.523,7401
439553402.034,7501
440343987.624,7601
450901585.873,7701
446095484.532,7801
456211397.357,7901
457476229.674,8001
464733449.646,8101
469654384.271,8201
471377941.35,8301
474518872.349,8401
480458393.575,8501
473657927.13,8601
489571784.503,8701
465012275.978,8801
491890430.631,8901
502120450.397,9001
503520078.933,9101
511522183.1,9201
516035100.188,9301
516276948.007,9401
516996397.302,9501
526853399.063,9601
529976465.047,9701
534138581.43,9801
531780514.06,9901
536952091.038,10001
543517744.987,10101
548216373.728,10201
549388063.833,10301
552172694.53,10401
557030306.109,10501
561681320.634,10601
562397372.461,10701
567084475.622,10801
568590997.774,10901
572312346.402,11001
573856177.872,11101
576708433.326,11201
583957490.501,11301
584094833.258,11401
590863540.427,11501
591185584.332,11601
597348447.571,11701
602827757.393,11801
604278335.5,11901
607641931.288,12001
603123710.15,12101
612166887.219,12201
619712131.452,12301
619836309.408,12401
625968438.38,12501
625339273.338,12601
626705588.085,12701
634851376.964,12801
633570427.183,12901
633526341.334,13001
638851995.675,13101
637524549.269,13201
650449900.36,13301
651526792.364,13401
652388229.309,13501
661748935.155,13601
663351715.387,13701
668532897.974,13801
668673890.751,13901
663530618.216,14001
677478587.675,14101
669777477.837,14201
675177189.374,14301
682132738.981,14401
679472281.166,14501
688689585.534,14601
691028388.479,14701
692014106.767,14801
694444648.318,14901
694061468.501,15001
698118362.825,15101
705197543.485,15201
707340962.24,15301
713268803.321,15401
713762433.488,15501
719362122.006,15601
718029210.868,15701
709573849.079,15801
712569211.334,15901
720112645.164,16001
723789855.783,16101
721442197.114,16201
729341072.538,16301
718749332.915,16401
729449939.966,16501
725263428.369,16601
725731658.109,16701
736871564.999,16801
731067208.828,16901
748500134.401,17001
745523258.539,17101
741718565.052,17201
754548185.045,17301
752012651.891,17401
762509627.432,17501
750869064.708,17601
750987498.65,17701
773699811.442,17801
756107550.82,17901
754179523.769,18001
769748828.502,18101
769336858.217,18201
782362760.327,18301
775921782.925,18401
764633377.386,18501
785658526.973,18601
784674967.528,18701
790626724.524,18801
795669593.055,18901
783198898.395,19001
801482614.912,19101
797011570.018,19201
789789967.942,19301
807599165.383,19401
797048551.004,19501
798071647.582,19601
807473401.841,19701
803570418.894,19801
820465163.796,19901
816800131.482,20001
807015388.998,20101
823332378.816,20201
812346786.85,20301
831896050.944,20401
829154103.505,20501
824697508.008,20601
836637956.292,20701
825440106.57,20801
847153591.001,20901
844360946.54,21001
838201393.189,21101
851202656.354,21201
841713799.216,21301
868124140.738,21401
858497518.268,21501
853584450.114,21601
854108091.585,21701
845344058.871,21801
861147377.488,21901
863121250.961,22001
846474899.362,22101
867761426.026,22201
867394062.372,22301
868882451.602,22401
868920242.549,22501
856443643.71,22601
883410759.819,22701
877975189.615,22801
877299392.664,22901
833310468.978,23001
855360017.515,23101
896703406.719,23201
860903415.232,23301
871089743.193,23401
867673726.081,23501
858250623.848,23601
890843257.496,23701
892267116.283,23801
887968217.687,23901
883358110.776,24001
892276709.571,24101
900685463.97,24201
899482698.86,24301
889277873.488,24401
914007829.587,24501
909559542.188,24601
906909286.787,24701
909235741.729,24801
896108689.792,24901
917281568.117,25001
914375757.374,25101
917452804.888,25201
920981432.016,25301
902494840.356,25401
903438152.427,25501
915877352.667,25601
932265044.573,25701
937067476.33,25801
913212463.782,25901
933004511.229,26001
928285795.358,26101
933869482.601,26201
949561773.753,26301
940846077.216,26401
941266759.004,26501
945154732.471,26601
934038174.027,26701
962328711.982,26801
943418551.347,26901
941720805.129,27001
949654397.006,27101
943830302.236,27201
951155782.538,27301
906780839.21,27401
919734274.515,27501
964403404.732,27601
957433046.872,27701
985579193.184,27801
970793522.008,27901
964741256.183,28001
982569602.801,28101
968695781.567,28201
962599825.682,28301
979770261.256,28401
974173939.614,28501
997292215.318,28601
983799997.581,28701
980043400.162,28801
984540499.371,28901
979190899.536,29001
1005622534.14,29101
1001012399.3,29201
992267583.093,29301
1000736304.87,29401
990999217.556,29501
1022184838.79,29601
1007122601.78,29701
1004665499.9,29801
1020994699.43,29901
984203063.706,30001
1011413662.83,30101
1014692442.24,30201
1009432627.27,30301
1015813743.0,30401
1014475764.67,30501
1015989050.14,30601
1014147315.6,30701
998213239.87,30801
1028652739.76,30901
1010025232.09,31001
1027473819.93,31101
1022554142.08,31201
1003753274.24,31301
1036315523.68,31401
1018993770.76,31501
1023831488.76,31601
1036834303.68,31701
1009575239.59,31801
1060334037.86,31901
1032802055.29,32001
1034858905.08,32101
1033839429.76,32201
1011069005.31,32301
1034684826.9,32401
1033103760.52,32501
1039868168.64,32601
1048608066.54,32701
1038006379.24,32801
1042610484.55,32901
1037190818.52,33001
1020775359.93,33101
1047062220.7,33201
1039856146.87,33301
1049715252.65,33401
1040785872.61,33501
1019840718.31,33601
1062998602.02,33701
1031066687.3,33801
1044954215.38,33901
1059419147.65,34001
1020927926.91,34101
1074245636.75,34201
1057571260.05,34301
1059641850.84,34401
1078451362.74,34501
1045411154.52,34601
1061809993.9,34701
1057149907.69,34801
1046320030.76,34901
1085698057.97,35001
1065406515.16,35101
1067290961.1,35201
1063373950.57,35301
1044651291.05,35401
1082947164.69,35501
1070266321.94,35601
1072672906.85,35701
1068110235.83,35801
1047890074.35,35901
1102239810.09,36001
1072924165.5,36101
1074100005.69,36201
1084601402.64,36301
1047906682.39,36401
1042783709.46,36501
1047660038.11,36601
1079739007.65,36701
1078459958.11,36801
1078173845.74,36901
1076677991.02,37001
1013804270.55,37101
1054457560.81,37201
1091983370.94,37301
1072146833.23,37401
1096942564.36,37501
1073317304.04,37601
1052099182.99,37701
1097596316.43,37801
1079493120.45,37901
1101405860.59,38001
1099404069.29,38101
1057713072.69,38201
1112322311.42,38301
1076849575.81,38401
1099366857.31,38501
1057348201.8,38601
1044890628.28,38701
1092456128.78,38801
1083402743.02,38901
1099563422.09,39001
1113157406.53,39101
1090071343.55,39201
1103275158.99,39301
1086627687.83,39401
1080673939.27,39501
1081498044.72,39601
1093061376.15,39701
1105421863.13,39801
1090131083.27,39901
1088820522.45,40001
1131945519.24,40101
1110113997.66,40201
1097413786.3,40301
1097813339.97,40401
1078808529.59,40501
1138656668.43,40601
1116467633.97,40701
1102695964.43,40801
1141209839.44,40901
1099802758.32,41001
1106398022.64,41101
1117054958.3,41201
1106123846.68,41301
1150934409.08,41401
1129137326.83,41501
1115618786.63,41601
1134137408.27,41701
1117851732.98,41801
1153352399.32,41901
1138766902.64,42001
1121398587.04,42101
1137322807.03,42201
1123842438.84,42301
1167122885.37,42401
1146903822.99,42501
1131655064.18,42601
1166880420.52,42701
1130837200.03,42801
1136766056.84,42901
1153811934.18,43001
1122737471.46,43101
1160767492.43,43201
1147212829.75,43301
1140082594.75,43401
1136297452.87,43501
1115341469.49,43601
1169713525.15,43701
1155445691.51,43801
1146960215.17,43901
1153315649.94,44001
1123561180.48,44101
1181415405.57,44201
1153365909.62,44301
1149036821.64,44401
1176961051.69,44501
1129132479.68,44601
1202126009.71,44701
1144467738.42,44801
1111738157.64,44901
1182008681.55,45001
1136624654.98,45101
1164780943.83,45201
1140287856.35,45301
1175154717.6,45401
1185763178.59,45501
1151862453.65,45601
1176573881.82,45701
1151871188.75,45801
1151052552.97,45901
1194289081.69,46001
1157618261.58,46101
1187034690.19,46201
1158485915.68,46301
1157562942.17,46401
1217884494.8,46501
1164984447.93,46601
1192372538.31,46701
1184678186.71,46801
1164750561.92,46901
1215773654.5,47001
1174376197.55,47101
1197839645.59,47201
1166129473.78,47301
1158942126.43,47401
1198563616.64,47501
1179515586.05,47601
1137402404.19,47701
1200227037.65,47801
1184528048.58,47901
1212916436.05,48001
1188793923.19,48101
1176615744.71,48201
1206878730.77,48301
1193458638.71,48401
1215075488.62,48501
1196659575.48,48601
1181388510.99,48701
1225255180.92,48801
1199581590.38,48901
1221313570.7,49001
1222636266.89,49101
1128380955.81,49201
1207889187.14,49301
1164885322.78,49401
1168083907.96,49501
1227196257.23,49601
1206588584.2,49701
1218687111.31,49801
1209777430.42,49901
1186806525.44,50001
1235863560.84,50101
1208507462.0,50201
1226757096.78,50301
1211486445.98,50401
1189933802.06,50501
1239203918.44,50601
1209829763.98,50701
1227644197.55,50801
1240538924.94,50901
1198785590.3,51001
1263324621.91,51101
1219325924.37,51201
1227786213.59,51301
1248155596.68,51401
1196576911.13,51501
1231634935.66,51601
1220705071.99,51701
1233747715.87,51801
1246063685.41,51901
1223840745.52,52001
1228178997.71,52101
1225048891.34,52201
1201974156.89,52301
1253040010.4,52401
1233414294.86,52501
1232787514.27,52601
1228677600.85,52701
1202736312.9,52801
1275966254.75,52901
1217461082.2,53001
1235263621.26,53101
1252757506.76,53201
1203459195.78,53301
1285328321.09,53401
1229983711.47,53501
1240072195.61,53601
1255509025.11,53701
1205842508.45,53801
1231256596.16,53901
1227703754.74,54001
1212819168.05,54101
1251730130.46,54201
1236313457.77,54301
1245336731.22,54401
1226815518.1,54501
1218784121.08,54601
1260729641.64,54701
1240840500.67,54801
1247272689.33,54901
1241174585.34,55001
1223874518.52,55101
1292220743.78,55201
1242403106.17,55301
1251123341.14,55401
1272052033.88,55501
1223922917.92,55601
1250866977.41,55701
1249199963.19,55801
1254230169.59,55901
1278669633.38,56001
1255185733.43,56101
1252226254.78,56201
1251124583.45,56301
1229211279.26,56401
1281297452.37,56501
1257551346.29,56601
1254582833.61,56701
1260212546.57,56801
1234565822.12,56901
1288032940.61,57001
1259778197.61,57101
1264545284.03,57201
1285861565.6,57301
1231343691.33,57401
1136312630.71,57501
1242906187.39,57601
1222683542.85,57701
1242574410.47,57801
1221097916.88,57901
1251415008.84,58001
1253056919.79,58101
1254710378.47,58201
1275784243.42,58301
1257903496.66,58401
1260607661.66,58501
1256166899.4,58601
1229678104.43,58701
1278150009.35,58801
1256062739.43,58901
1262792228.89,59001
1250845514.61,59101
1231260090.07,59201
1272563846.57,59301
1262533581.49,59401
1244820170.81,59501
1195944603.83,59601
1230064071.84,59701
1322985898.46,59801
1264262047.45,59901
1289577989.88,60001
1299411149.16,60101
1258027896.21,60201
1295454885.62,60301
1274968953.18,60401
1232686383.9,60501
1297036861.46,60601
1276182692.25,60701
1285851968.5,60801
1260845975.68,60901
1197864819.72,61001
1287554668.15,61101
1282516108.44,61201
1295178899.06,61301
1261626030.13,61401
1252556012.39,61501
1343287654.95,61601
1288128533.26,61701
1302626143.28,61801
1308904162.7,61901
1262199884.99,62001
1288704977.81,62101
1288313390.31,62201
1309027274.2,62301
1316854406.75,62401
1298734174.08,62501
1307581645.31,62601
1276617598.31,62701
1255087580.01,62801
1307473453.68,62901
1288919952.9,63001
1293476903.96,63101
1285911407.52,63201
1262703611.16,63301
1317318174.36,63401
1290250298.19,63501
1282632602.67,63601
1314390227.5,63701
1253646101.36,63801
1340791607.2,63901
1291811157.33,64001
1302826438.0,64101
1315658766.73,64201
1240931932.29,64301
1299247109.97,64401
1281078148.41,64501
1297086745.1,64601
1319291695.13,64701
1272943575.94,64801
1265860892.49,64901
1283581312.25,65001
1260733227.93,65101
1312671612.77,65201
1294099351.77,65301
1264837698.69,65401
1397795459.1,65501
1373664713.16,65601
1321196911.94,65701
1410397468.87,65801
1393625164.64,65901
1410489230.34,66001
1413015079.27,66101
1370884239.16,66201
1321892615.41,66301
1349167651.21,66401
1361667880.47,66501
1413874501.22,66601
1363579639.73,66701
1416385436.49,66801
1425148211.24,66901
1370808332.99,67001
1442589470.28,67101
1411933311.48,67201
1433640024.3,67301
1425705458.24,67401
1390342991.09,67501
1449142107.25,67601
1417001382.8,67701
1433667606.91,67801
1454881590.09,67901
1404960746.69,68001
1464441043.76,68101
1433468102.05,68201
1438106642.49,68301
1455667457.7,68401
1417735475.72,68501
1448502576.01,68601
1426358177.92,68701
1407937654.01,68801
1469783340.13,68901
1416030620.62,69001
1467177276.36,69101
1442530061.3,69201
1299912174.06,69301
1437468910.79,69401
1424214980.97,69501
1444171684.78,69601
1442066133.46,69701
1417001178.57,69801
1438801615.07,69901
1437143164.91,70001
1434204862.73,70101
1468315955.08,70201
1420420954.41,70301
1399141400.0,70401
1413141218.74,70501
1447534128.68,70601
1466219793.94,70701
1448264864.98,70801
1467095944.27,70901
1446655291.15,71001
1440825637.04,71101
1490979091.57,71201
1460330046.21,71301
1480370639.02,71401
1477128314.48,71501
1451140171.17,71601
1495848190.24,71701
1467861251.4,71801
1481866502.4,71901
1500077401.06,72001
1418636184.41,72101
1496846204.93,72201
1475939208.35,72301
1485935898.22,72401
1492098833.2,72501
1460293701.55,72601
1496376442.64,72701
1481358794.07,72801
1469774540.73,72901
1507641334.69,73001
1453799729.28,73101
1501980026.44,73201
1480186981.26,73301
1462880409.33,73401
1517967503.75,73501
1489701913.39,73601
1498167538.73,73701
1508299733.97,73801
1470923326.88,73901
1528165755.68,74001
1493996753.92,74101
1515138412.84,74201
1533243700.08,74301
1479695639.56,74401
1507794436.02,74501
1499838332.99,74601
1515483823.57,74701
1534389392.65,74801
1490374655.01,74901
1544057419.5,75001
1508805896.88,75101
1485631244.28,75201
1538303698.26,75301
1483009378.13,75401
1513413206.07,75501
1530655123.55,75601
1478696039.6,75701
1549582242.81,75801
1514187513.22,75901
1491271897.68,76001
1529672916.07,76101
1479854793.19,76201
1527427141.32,76301
1512672214.35,76401
1518839198.82,76501
1551081311.51,76601
1487161841.8,76701
1533725064.18,76801
1519387300.7,76901
1537499475.4,77001
1551796273.9,77101
1510338366.66,77201
1532560461.27,77301
1496948973.6,77401
1494197905.33,77501
1515865929.13,77601
1507394081.02,77701
1532225107.08,77801
1538369614.51,77901
1495895870.25,78001
1562692125.0,78101
1532103132.9,78201
1541377388.93,78301
1563079922.35,78401
1504941212.81,78501
1568468950.49,78601
1541899063.47,78701
1557183675.56,78801
1570860630.58,78901
1507587709.71,79001
1553167396.36,79101
1539720096.52,79201
1510906653.03,79301
1579802908.38,79401
1527113596.75,79501
1565829168.07,79601
1555250569.24,79701
1517647888.2,79801
1526770069.99,79901
1546042906.53,80001
1574055334.75,80101
1570157372.19,80201
1516867630.32,80301
1571505563.7,80401
1553129373.01,80501
1565833862.3,80601
1563438924.27,80701
1517210931.96,80801
1578262997.35,80901
1559440463.71,81001
1586807088.26,81101
1582393320.25,81201
1545803268.86,81301
1567191663.74,81401
1536960385.88,81501
1513832670.04,81601
1593188112.44,81701
1540747436.96,81801
1604922873.78,81901
1584408789.11,82001
1563366805.15,82101
1613870437.17,82201
1569805015.55,82301
1578157178.36,82401
1610480463.47,82501
1541959840.06,82601
1595625995.23,82701
1544229427.27,82801
1573977067.46,82901
1612174856.34,83001
1530013549.53,83101
1591320804.32,83201
1581557239.23,83301
1613875589.52,83401
1607098640.38,83501
1561391829.44,83601
1588619519.99,83701
1570666405.27,83801
1536822820.49,83901
1614802714.69,84001
1575029405.58,84101
1579469273.31,84201
1586859444.86,84301
1539928798.15,84401
1605852475.47,84501
1565305845.39,84601
1614363809.93,84701
1584954273.65,84801
1569534094.24,84901
1594005420.23,85001
1510675833.99,85101
1559089459.9,85201
1581096075.76,85301
1541225483.75,85401
1530628980.27,85501
1521116006.97,85601
1568170522.22,85701
1529686082.71,85801
1514671492.43,85901
1606466307.88,86001
1547652034.58,86101
1544465514.59,86201
1615833822.16,86301
1567100799.58,86401
1572511779.61,86501
1594887839.15,86601
1548172979.28,86701
1632314445.03,86801
1602030669.81,86901
1646417321.51,87001
1633963399.46,87101
1569017970.81,87201
1634199600.58,87301
1599849714.6,87401
1615690858.96,87501
1627792064.08,87601
1581977856.31,87701
1623932679.39,87801
1574662121.87,87901
1573208135.37,88001
1644389951.38,88101
1591955517.66,88201
1627274809.33,88301
1627423015.56,88401
1582922599.3,88501
1643098238.95,88601
1612995214.0,88701
1633231262.9,88801
1648180748.88,88901
1588242115.33,89001
1649315194.93,89101
1614590375.99,89201
1648303495.93,89301
1649423419.43,89401
1601874153.73,89501
1647988250.97,89601
1612907534.4,89701
1637171963.78,89801
1648316258.4,89901
1611868546.74,90001
1660796775.64,90101
1620071405.46,90201
1599984139.57,90301
1653630807.06,90401
1621855132.34,90501
1644103146.68,90601
1651103985.56,90701
1601529833.66,90801
1670155456.43,90901
1629138015.78,91001
1649935612.83,91101
1660162659.84,91201
1593800956.02,91301
1649074210.67,91401
1624664026.38,91501
1633229074.46,91601
1653889261.53,91701
1622182766.7,91801
1656598842.64,91901
1635674553.56,92001
1597645890.1,92101
1675580805.23,92201
1621189592.52,92301
1657469833.87,92401
1661993027.38,92501
1576010455.58,92601
1673500884.94,92701
1631003006.54,92801
1657112268.4,92901
1660958600.22,93001
1616182342.59,93101
1686919920.87,93201
1641441384.11,93301
1671476001.72,93401
1691225939.92,93501
1624129373.6,93601
1669975988.27,93701
1649587464.69,93801
1692708854.04,93901
1664466215.39,94001
1637302749.12,94101
1676202002.0,94201
1661040910.06,94301
1620082291.27,94401
1702463812.25,94501
1635931429.78,94601
1673681478.08,94701
1685576874.34,94801
1630451044.33,94901
1691513521.92,95001
1662183580.39,95101
1681646578.41,95201
1687777317.79,95301
1643356178.5,95401
1706748531.28,95501
1671835262.52,95601
1682817476.79,95701
1704563750.65,95801
1638350350.3,95901
1679362459.98,96001
1649061517.93,96101
1670356135.27,96201
1699338085.34,96301
1654094376.67,96401
1679409693.81,96501
1679930181.0,96601
1661348807.44,96701
1714733238.61,96801
1668071330.26,96901
1690763000.37,97001
1686073743.34,97101
1632806446.09,97201
1718741333.87,97301
1661397766.95,97401
1691429847.77,97501
1719074066.61,97601
1662128038.42,97701
1724392565.75,97801
1690064642.66,97901
1706909453.83,98001
1717738726.07,98101
1644815573.83,98201
1719302768.05,98301
1685632342.94,98401
1648411961.43,98501
1712176634.72,98601
1666446607.4,98701
1708385776.85,98801
1710326421.33,98901
1652796347.26,99001
1726878773.18,99101
1679560293.64,99201
1702530633.41,99301
1708652365.96,99401
1648655841.1,99501
1729620101.37,99601
1691070235.17,99701
1701352778.26,99801
1710433527.79,99901
