bandwidth,bsize
0.0,0
428.37924237317566,10000
657.8526447868878,20000
787.7366888909755,30000
961.4009672908978,40000
995.4866945781474,50000
1064.6747697475578,60000
981.71096495481,70000
1049.1038303646521,80000
1095.0613544984594,90000
1141.7887816630143,100000
1201.3087572482352,110000
1263.6998352950627,120000
1311.9878343976632,130000
1314.2373450372763,140000
1368.3086920778255,150000
1406.8029960317044,160000
1455.8589696733345,170000
1479.765189661289,180000
1484.590447341899,190000
1519.0121704111068,200000
1494.7753349568522,210000
1589.589005226583,220000
1616.7436528699302,230000
1637.3766396002497,240000
1650.1288061549985,250000
1668.1005095227679,260000
1682.6098933345618,270000
1710.3825770098438,280000
1732.9414815258056,290000
1748.8946152627323,300000
1773.9207500422935,310000
1789.7295891766332,320000
1817.9076178680584,330000
1833.2431664590542,340000
1846.0287918875686,350000
1853.1352662222266,360000
1858.4092016789111,370000
1869.4351236722591,380000
1878.6418658495688,390000
1891.592629005926,400000
1886.256969268856,410000
1897.0739355928115,420000
1911.875684402565,430000
1924.5544570975683,440000
1944.4960933636635,450000
1948.02831506007,460000
1960.169515457049,470000
1968.723549688302,480000
1993.0400613658162,490000
2001.1412453314858,500000
2006.6670544111882,510000
2007.9599630269308,520000
2006.8875013993263,530000
2017.2573999754184,540000
2019.0249132434478,550000
2020.3637464647231,560000
2012.9031736596519,570000
2030.9839437899068,580000
2021.3017937073218,590000
2051.8605970869667,600000
2067.428479079464,610000
2069.024940784831,620000
2075.5758943930477,630000
2079.17042453159,640000
2103.9542459196928,650000
2108.546136051862,660000
2108.3498551635817,670000
2105.1344842169906,680000
2098.7306104156605,690000
2111.2384847759226,700000
2117.780976384045,710000
2125.2764922474075,720000
2110.124932461489,730000
2116.2482809405137,740000
2116.3373030983544,750000
2135.9747462598157,760000
2149.536483257569,770000
2158.225635037652,780000
2172.4351269007575,790000
2171.2331169289164,800000
2173.275675896974,810000
2176.8099717339264,820000
2179.3707301040768,830000
2169.11897779975,840000
2172.7602214227686,850000
2176.708151895801,860000
2175.898258169656,870000
2185.0946088187898,880000
2166.5899920601387,890000
2175.9955729256735,900000
2177.819884445043,910000
2197.0196787562463,920000
2199.539375375687,930000
2199.0547955749457,940000
2207.1994810745655,950000
2202.2582143062245,960000
2227.5888070705096,970000
2228.6902056042336,980000
2232.6069711286427,990000
