bandwidth,bsize
0.0,0
41.40302040485942,10000
16.886950783581874,20000
88.09638230302623,30000
160.92357451575836,40000
30.982900805762966,50000
233.25619246412057,60000
82.46877168974014,70000
73.59360901447597,80000
289.2053902028489,90000
59.79236418180922,100000
344.07333494417253,110000
78.0467399844718,120000
56.96849919017859,130000
65.9190958885164,140000
76.58338456984035,150000
82.14417176562405,160000
85.01815170165274,170000
88.87204880474863,180000
92.62810615137343,190000
95.59386174172886,200000
57.9200175916162,210000
102.15546037865899,220000
108.65951370895955,230000
112.54234286569083,240000
71.73489470785353,250000
114.66119863388904,260000
118.8105703717327,270000
77.29977986377159,280000
126.6395344164161,290000
82.79157537356151,300000
134.21382107896318,310000
87.67352705230041,320000
140.01284081286576,330000
92.3845451798659,340000
148.0768701205076,350000
92.55263126440627,360000
96.88118846494605,370000
158.35725446950858,380000
101.80461025712007,390000
104.70769130720163,400000
106.66050065286474,410000
160.87181624091437,420000
112.2360990305899,430000
115.21892356255243,440000
116.92773865394352,450000
179.25881549323728,460000
122.18877075110107,470000
124.2999816260365,480000
126.6943311006781,490000
128.51378846263916,500000
131.04918684192293,510000
129.266655978597,520000
120.41847916615319,530000
133.72511242141837,540000
135.52847663039068,550000
137.73102610633075,560000
139.83168049579567,570000
107.40172938811473,580000
142.7675263447358,590000
145.22308166388518,600000
147.24353406750447,610000
149.5078816991683,620000
151.63601775850648,630000
117.51516277268158,640000
152.03735985551003,650000
115.83031062587118,660000
148.86687557168958,670000
123.43672387522851,680000
160.73325476439874,690000
163.4471977111257,700000
127.63478184243583,710000
166.18629953893313,720000
129.73143443936434,730000
169.79406775887264,740000
133.55935942517468,750000
173.76400946555566,760000
134.08015131694484,770000
172.82571690516622,780000
130.5903447884464,790000
138.7782304535174,800000
140.4131935538453,810000
140.45405809455127,820000
183.01724033693566,830000
145.23912574606217,840000
147.14530971122497,850000
187.81263272322587,860000
150.78314878979094,870000
151.48839679505122,880000
144.66659639245256,890000
148.89989860267656,900000
153.19592773862115,910000
152.33049699626923,920000
152.6310603423837,930000
157.66741000552983,940000
159.15008519102815,950000
159.77248482838036,960000
161.2562951679452,970000
162.3456281647267,980000
127.24709998668803,990000
165.6945884609076,1000000
159.15068681200506,1010000
129.80059442875574,1020000
132.84690886453959,1030000
158.59218553376573,1040000
134.9517710396907,1050000
136.553101394211,1060000
130.29692735766858,1070000
136.38145719705287,1080000
139.04109998572727,1090000
