bandwidth,bsize
0.0,0
690.8980694471899,10000
1072.3691914349633,20000
1326.653663268211,30000
1421.4245410104124,40000
1514.2110355384195,50000
1577.4682354121092,60000
1762.079917417868,70000
1896.1805626193786,80000
1978.943130347257,90000
2059.16048897835,100000
2132.374957248366,110000
2289.4047651537894,120000
2348.849267033975,130000
2386.468716343907,140000
2571.9618832705823,150000
2614.7295417619625,160000
2648.3420926544272,170000
2670.80349657029,180000
2775.29544101105,190000
2754.508588334576,200000
2702.532047938438,210000
2728.793205422414,220000
2693.0848385025547,230000
2647.877400924859,240000
2693.5323945398595,250000
2718.7530602577845,260000
2746.9341975045118,270000
2913.9830878558105,280000
2934.5515956882155,290000
2953.132106823254,300000
3140.0177258292383,310000
3191.3594536886008,320000
3202.381031706369,330000
3220.6822755164494,340000
3258.6302269932385,350000
3227.0082708213117,360000
3115.4554561386954,370000
3150.102912663574,380000
3119.6846327103926,390000
3029.915173580823,400000
3063.4227955977863,410000
3080.9402283411687,420000
3080.0968661941765,430000
3222.87183212719,440000
3259.4614757608833,450000
3262.6367873159315,460000
3457.417901966424,470000
3392.6835565052393,480000
3454.875939697952,490000
3480.9639762109873,500000
3525.4268395186255,510000
3464.483831102611,520000
3277.809820537282,530000
3345.214278118465,540000
3336.680137582699,550000
3233.3340308024385,560000
3252.4157971349664,570000
3261.144398389198,580000
3271.329014109084,590000
3398.3897845033634,600000
3412.8142865908476,610000
3422.4436056581226,620000
3626.7369391923053,630000
3647.1614049770933,640000
3653.6532544251822,650000
3650.6261967685273,660000
3655.4902004144355,670000
3605.1667378735524,680000
3452.093822165391,690000
3458.0382549703195,700000
3444.3441480557904,710000
3347.843595039261,720000
3357.6215144510193,730000
3361.8434229923128,740000
3361.89804424495,750000
3472.0983964395336,760000
3484.385369442928,770000
3500.01724569553,780000
3693.3295584501284,790000
3703.0197420478366,800000
3712.8849234885133,810000
3713.1920461734785,820000
3720.3176075558963,830000
3658.8488882888682,840000
3533.9465837721245,850000
3521.6280066505838,860000
3523.685832811884,870000
3426.203649555084,880000
3424.8420442274323,890000
3437.3905917062775,900000
3448.8673310520503,910000
3563.127030296315,920000
3561.0270342810354,930000
3572.363172449286,940000
3784.045728525342,950000
3769.352676252002,960000
3789.3865598658776,970000
3799.2059634999055,980000
3795.7641053580346,990000
3744.055158771603,1000000
3611.768631794158,1010000
3600.5730362894374,1020000
3592.6501964254235,1030000
3489.4571437028076,1040000
3488.448090946392,1050000
3495.390730767719,1060000
3501.563783953324,1070000
3600.089266129417,1080000
3624.8529100445203,1090000
