n,time
1,788.06381162
2,371.843755477
3,252.645002951
4,186.260600694
5,153.450439698
6,126.575337722
7,114.687501639
8,97.868145403
9,86.633224346
10,76.226298631
11,71.819403029
12,64.025639965
1,749.923891954
2,369.839037107
3,255.700334177
4,187.946814783
5,152.792812483
6,124.64573482
7,111.125643232
8,94.411043486
9,87.504029984
10,79.205317386
11,68.578189792
12,62.587867293
1,751.499301836
2,376.633104931
3,248.875253947
4,194.934104315
5,159.63626717
6,126.65871455
7,112.769205739
8,96.631692754
9,89.200274542
10,79.32425263
11,74.534521567
12,65.427377662
1,746.038089782
2,375.571282844
3,252.980089353
4,187.262916898
5,151.370883925
6,131.018659937
7,106.842246604
8,93.968774646
9,85.008698814
10,75.65530997
11,72.37469289
12,70.317445231
1,757.567676419
2,375.780643711
3,249.969872946
4,194.373722938
5,148.684008653
6,132.881559548
7,108.474187978
8,97.712714713
9,86.878247765
10,79.402740645
11,68.010901874
12,67.002845658
1,760.353271874
2,373.664416267
3,250.746449309
4,189.517754529
5,153.500458846
6,129.712589341
7,115.540654662
8,93.390998642
9,83.409287301
10,75.679559524
11,70.683516764
12,65.520380349
1,749.402497623
2,371.715885535
3,247.825544628
4,188.164621596
5,156.977177922
6,128.314288561
7,113.445842002
8,97.920069358
9,91.111703813
10,75.036810772
11,75.365816449
12,66.658651311
1,754.843300021
2,369.479399345
3,267.552430642
4,191.586332015
5,155.061034058
6,123.731843135
7,109.921830775
8,100.703932902
9,85.03387721
10,79.700386369
11,71.381164551
12,69.530433751
1,760.653790588
2,370.912052799
3,247.647415159
4,188.370920319
5,152.118579306
6,129.279137233
7,108.287004941
8,95.958724459
9,82.511530863
10,78.282743004
11,69.3422278
12,69.539876823
1,745.136841466
2,370.337626479
3,247.352088347
4,187.865187035
5,160.719252549
6,126.20981445
7,114.177062268
8,95.50289517
9,88.235228654
10,77.964119271
11,70.76267514
12,70.060591918
