n,time
1,0.460997703
2,0.250704864
3,0.16707723399999996
4,0.116661713
5,0.101846643
6,0.079234325
7,0.069405443
8,0.060136518
9,0.05482224
10,0.046982451
11,0.045087818
12,0.04366249
1,0.47362957800000005
2,0.23416858900000004
3,0.155400712
4,0.126147853
5,0.094327238
6,0.086273564
7,0.075628727
8,0.058111602
9,0.053471026
10,0.047021385
11,0.043568955
12,0.047552559
1,0.470689991
2,0.235053431
3,0.16209470999999998
4,0.124410022
5,0.102730769
6,0.082992248
7,0.068301694
8,0.067517696
9,0.054165703
10,0.049254179
11,0.045579554
12,0.040173539
1,0.47635390099999997
2,0.245878093
3,0.16353610200000002
4,0.133788742
5,0.094568517
6,0.082058585
7,0.075545776
8,0.06111975
9,0.060296725
10,0.055603557
11,0.045219965
12,0.041254415
1,0.47830822399999995
2,0.239293646
3,0.159455827
4,0.121113073
5,0.099657057
6,0.080941076
7,0.067696638
8,0.062667603
9,0.052268592
10,0.04847403
11,0.043410649
12,0.042227073
1,0.468719669
2,0.239394174
3,0.162558466
4,0.118536733
5,0.103863287
6,0.07948808100000004
7,0.075170772
8,0.061284738
9,0.057403412
10,0.055291316
11,0.046012397
12,0.040035503
1,0.462692855
2,0.2321338
3,0.155931742
4,0.117054183
5,0.10245019
6,0.086276631
7,0.069599212
8,0.060144278
9,0.055239071
10,0.04893311
11,0.043692042
12,0.040004273
1,0.463255765
2,0.236025922
3,0.16125621
4,0.120978067
5,0.109592056
6,0.081957213
7,0.07036526200000004
8,0.058607211
9,0.053047537
10,0.04787783
11,0.044317622
12,0.039740671
1,0.466625505
2,0.244447316
3,0.158500131
4,0.123360665
5,0.10068920299999995
6,0.086945746
7,0.068555911
8,0.06063857
9,0.060620759
10,0.048701384
11,0.050357557
12,0.041176069
1,0.471886139
2,0.233801175
3,0.157288533
4,0.11896999900000005
5,0.108753403
6,0.087929752
7,0.069680043
8,0.067997697
9,0.052953171
10,0.048097788
11,0.0492449
12,0.04010266
