n,time
1,0.000371108
2,0.000261996
3,0.00021103
4,0.000202929
5,0.000203465
6,0.00740402
7,0.007668466
8,0.007460483
9,0.000599817
10,0.000380412
11,0.001296989
12,0.000123927
1,0.000362019
2,0.000228561
3,0.000183527
4,0.007877579
5,0.000792619
6,0.00817134
7,0.000147289
8,0.003636264
9,0.007438176
10,0.000130154
11,0.000134682
12,0.000151175
1,0.000357918
2,0.000228193
3,0.000189322
4,0.000152092
5,0.000986192
6,0.007669329
7,0.008131151
8,0.001242546
9,0.008289209
10,0.001092974
11,0.000754526
12,0.000124764
1,0.000351008
2,0.0002318
3,0.000172722
4,0.009307191
5,0.007848706
6,0.000314022
7,0.00827038
8,0.001051577
9,0.000144136
10,0.00012252
11,0.008199014
12,0.008204491
1,0.000363745
2,0.000254216
3,0.000165165
4,0.008553947999999978
5,0.000142262
6,0.000154376
7,0.001418622
8,0.000223814
9,0.000143309
10,0.001036836
11,0.00215143
12,0.000118649
1,0.00036055
2,0.000232196
3,0.000177804
4,0.000190003
5,0.000167475
6,0.000682706
7,0.008990116
8,0.000175536
9,0.000908087
10,0.003764253
11,0.006986776
12,0.000150767
1,0.000370648
2,0.000236966
3,0.000181009
4,0.000156525
5,0.008161322
6,0.008008048
7,0.000160857
8,0.000169244
9,0.001198608
10,0.000131245
11,0.000134787
12,0.000108191
1,0.000376685
2,0.000236984
3,0.000181062
4,0.000154065
5,0.000174206
6,0.000944156
7,0.000147674
8,0.000164182
9,0.007287217
10,0.000800088
11,0.001401549
12,0.000324913
1,0.000359451
2,0.000225911
3,0.000180675
4,0.000200173
5,0.000181581
6,0.000140574
7,0.000168637
8,0.000133334
9,0.000147275
10,0.001553393
11,0.000937128
12,0.001247506
1,0.000360913
2,0.008185283
3,0.000184961
4,0.000155515
5,0.008492261
6,0.007937231
7,0.000127701
8,0.007847363
9,0.0001435
10,0.001065811
11,0.001701963
12,0.000140584
