n,time
1,0.000369968
2,0.008331541
3,0.000389807
4,0.000404862
5,0.000414715
6,0.000374089
7,0.008469371
8,0.007929266
9,0.000420786
10,0.004653902
11,0.000589063
12,0.0008275
1,0.000350761
2,0.00037538
3,0.000374904
4,0.008335813
5,0.000413193
6,0.008428342
7,0.000406813
8,0.000381408
9,0.000414636
10,0.000497456
11,0.005835202
12,0.000407376
1,0.000367366
2,0.008342433
3,0.000368869
4,0.000377922
5,0.000420441
6,0.000411135
7,0.000430109
8,0.00777471
9,0.001604966
10,0.007898469
11,0.001244629
12,0.000403294
1,0.000368524
2,0.00041245
3,0.00056276
4,0.000392194
5,0.000414808
6,0.008467147
7,0.008833788
8,0.000628137
9,0.00082203
10,0.000452955
11,0.006779834
12,0.000395123
1,0.000354004
2,0.000375692
3,0.000387955
4,0.00843547
5,0.000392467
6,0.000418456
7,0.008761567
8,0.001178113
9,0.001625375
10,0.000442096
11,0.000655097
12,0.000544891
1,0.000394192
2,0.000384071
3,0.007581404
4,0.000792577
5,0.000674731
6,0.002326427
7,0.000471319
8,0.000420109
9,0.000425611
10,0.014647251
11,0.000414393
12,0.000471182
1,0.000358551
2,0.000373611
3,0.00038678
4,0.000402431
5,0.000420105
6,0.000458029
7,0.00078627
8,0.000406394
9,0.006863608
10,0.000383493
11,0.000422123
12,0.008482613
1,0.000390893
2,0.008356177
3,0.000373095
4,0.000391575
5,0.000374482
6,0.00849534
7,0.008518834
8,0.000404748
9,0.001972699
10,0.000385836
11,0.001521559
12,0.001249802
1,0.000365506
2,0.000414907
3,0.000378094
4,0.000430749
5,0.000443334
6,0.000409978
7,0.000395793
8,0.000479004
9,0.008097092
10,0.000424979
11,0.000950254
12,0.007884804
1,0.000360728
2,0.008343608
3,0.000397978
4,0.000399094
5,0.000397376
6,0.008419341
7,0.001041981
8,0.000777095
9,0.000403217
10,0.001522401
11,0.000482766
12,0.001255922
